loss : 0.16246534883975983
accuracy : 0.958984375